536.9000000000539 0.0
537.0000000000539 4.4191086351396437e-13
537.1000000000539 0.0008201272081400912
537.2000000000539 0.0016403868626131066
537.300000000054 0.0024607789621892834
537.400000000054 0.003281303505208976
537.500000000054 0.004101960490001643
537.600000000054 0.004923863659248552
537.700000000054 0.005767873246328056
537.8000000000541 0.006612400076053324
537.9000000000541 0.0074358284586156925
538.0000000000541 0.008259761003748594
538.1000000000541 0.009081411106985989
538.2000000000542 0.009903060894336345
538.3000000000542 0.010724710355431495
538.4000000000542 0.011546359479896821
538.5000000000542 0.01236800825739131
538.6000000000543 0.013189672967942908
538.7000000000543 0.014011350465251123
538.8000000000543 0.014833036604489746
538.9000000000543 0.015676348917522877
539.0000000000543 0.016519659167815393
539.1000000000544 0.017342054532472128
539.2000000000544 0.018164502295072882
539.3000000000544 0.0189869951776129
539.4000000000544 0.019809525653549584
539.5000000000545 0.02063208607282321
539.6000000000545 0.021454677620985647
539.7000000000545 0.022277290516423708
539.8000000000545 0.023099914979629287
539.9000000000545 0.02392254140009921
540.0000000000546 0.024745160503131344
540.1000000000546 0.025588322997815435
540.2000000000546 0.026431391695191216
540.3000000000546 0.02725273002721864
540.4000000000547 0.028073961773455502
540.5000000000547 0.028895081858416338
540.6000000000547 0.0297093588127122
540.7000000000547 0.030523138366720035
540.8000000000548 0.031336423688058265
540.9000000000548 0.03214921990215873
541.0000000000548 0.03296153421467297
541.1000000000548 0.03378249519453891
541.2000000000548 0.03460343784558619
541.3000000000549 0.03544597651700322
541.4000000000549 0.03628852785420506
541.5000000000549 0.037109510904099
541.6000000000549 0.03793056379349453
541.700000000055 0.038751640928440016
541.800000000055 0.03957274179302179
541.900000000055 0.04039386616471753
542.000000000055 0.04121501415627606
542.100000000055 0.04285652075900219
542.2000000000551 0.0444980261475064
542.3000000000551 0.046161133334716956
542.4000000000551 0.04782424396532482
542.5000000000551 0.04946576065507974
542.6000000000552 0.05111880905894319
542.7000000000552 0.05277255556955716
542.8000000000552 0.054427006406088045
542.9000000000552 0.05610378774537674
543.0000000000553 0.05778129524427953
543.1000000000553 0.059424959578597544
543.2000000000553 0.061068635497875765
543.3000000000553 0.06271232756474535
543.4000000000553 0.06435603950317004
543.5000000000554 0.0660213991215103
543.6000000000554 0.0676867272700054
543.7000000000554 0.06933045471253543
543.8000000000554 0.07097423676106646
543.9000000000555 0.07261810413097472
544.0000000000555 0.07426208778139011
544.1000000000555 0.07592967504848665
544.2000000000555 0.07759752090050316
544.3000000000555 0.07924402794497502
544.4000000000556 0.08089085186358205
544.5000000000556 0.08253802110943352
544.6000000000556 0.08418556288154429
544.7000000000556 0.08583345400687885
544.8000000000557 0.08748170096042093
544.9000000000557 0.08915193977142045
545.0000000000557 0.09082253727287744
545.1000000000557 0.09246507901970587
545.2000000000558 0.09410771814744497
545.3000000000558 0.09575043766031814
545.4000000000558 0.09739321487606314
545.5000000000558 0.09905765412519972
545.6000000000558 0.10072208675746505
545.7000000000559 0.10236495507618308
545.8000000000559 0.10400788376107234
545.9000000000559 0.10565086144855713
546.0000000000559 0.10729387359680609
546.100000000056 0.10896854772202928
546.200000000056 0.11064352348722138
546.300000000056 0.11229713863309702
546.400000000056 0.11395099786749113
546.500000000056 0.11560506825307884
546.6000000000561 0.11725931265882707
546.7000000000561 0.11893546929878963
546.8000000000561 0.12061189739519758
546.9000000000561 0.12226694912382531
547.0000000000562 0.12392226879828552
547.1000000000562 0.12560674420986206
547.2000000000562 0.12729224920473103
547.3000000000562 0.12900045378889521
547.4000000000563 0.13070970181316632
547.5000000000563 0.13239831014995287
547.6000000000563 0.13405768747630187
547.7000000000563 0.13571734602317823
547.8000000000563 0.13737728578348324
547.9000000000564 0.1390591974687652
548.0000000000564 0.14074139405617095
548.1000000000564 0.14239349408824098
548.2000000000564 0.14404567374825913
548.3000000000565 0.14569793301532144
548.4000000000565 0.14735027186922378
548.5000000000565 0.14902438549764838
548.6000000000565 0.15069857972656617
548.7000000000565 0.15235115827245135
548.8000000000566 0.15400381632302476
548.9000000000566 0.1556565538579564
549.0000000000566 0.15730937085657243
549.1000000000566 0.15898416169021956
549.2000000000567 0.16065903716536079
549.3000000000567 0.16231229775762504
549.4000000000567 0.16396564184584797
549.5000000000567 0.16561906941136018
549.6000000000568 0.16731033948214655
549.7000000000568 0.16900243953596175
549.8000000000568 0.17069536961021686
549.9000000000568 0.17241085216305999
550.0000000000568 0.1741271757162735
550.1000000000569 0.17578824508193158
550.2000000000569 0.17744949730662715
550.3000000000569 0.17911093238074371
550.4000000000569 0.18077255029489372
550.500000000057 0.18245608493857068
550.600000000057 0.1841398048134747
550.700000000057 0.18580197360041717
550.800000000057 0.18746432518913994
550.900000000057 0.18912685957006425
551.0000000000571 0.19078957673385577
551.1000000000571 0.19247390942480283
551.2000000000571 0.19415842196615826
551.3000000000571 0.19582137091509938
551.4000000000572 0.19748449735784843
551.5000000000572 0.19914780128570314
551.6000000000572 0.20081128269044737
551.7000000000572 0.2024966896778648
551.8000000000573 0.20418227646506973
551.9000000000573 0.20584629259020634
552.0000000000573 0.2075104861586117
552.1000000000573 0.20917268452221144
552.2000000000573 0.2108350255897897
552.3000000000574 0.21251926379849995
552.4000000000574 0.2142036465640019
552.5000000000574 0.21586641752729496
552.6000000000574 0.217529331125572
552.7000000000575 0.2191923873415192
552.8000000000575 0.2208555861580992
552.9000000000575 0.22254068767189936
553.0000000000575 0.22422593363834079
553.1000000000575 0.22589346355803885
553.2000000000576 0.2275611935874234
553.3000000000576 0.22922912371892218
553.4000000000576 0.2308972539452511
553.5000000000576 0.23258735191019198
553.6000000000577 0.2342776525921732
553.7000000000577 0.23594638569544743
553.8000000000577 0.2376153188638339
553.9000000000577 0.23928445208951987
554.0000000000578 0.24095378536498835
554.1000000000578 0.24264604471708698
554.2000000000578 0.24433851991398498
554.3000000000578 0.24600943249372587
554.4000000000578 0.24768055809746534
554.5000000000579 0.24935189671908306
554.6000000000579 0.25108004890332014
554.7000000000579 0.25280916798775016
554.8000000000579 0.2545392541102615
554.900000000058 0.2562921139352901
555.000000000058 0.2580459537077896
555.100000000058 0.2597128676533091
555.200000000058 0.2613798973907986
555.300000000058 0.2630470429046294
555.4000000000581 0.26471430417889225
555.5000000000581 0.26640349787821704
555.6000000000581 0.26809280883976283
555.7000000000581 0.2697604188317557
555.8000000000582 0.27142814451885017
555.9000000000582 0.27309598588580997
556.0000000000582 0.27476394291579387
556.1000000000582 0.2764075749551036
556.2000000000583 0.27805075182920236
556.3000000000583 0.2796716614811615
556.4000000000583 0.2812921213472853
556.5000000000583 0.2829121312326386
556.6000000000583 0.2845958613720495
556.7000000000584 0.2863017107116237
556.8000000000584 0.2880078731813898
556.9000000000584 0.28969253459798155
557.0000000000584 0.2913775051159563
557.1000000000585 0.2930665541267151
557.2000000000585 0.29475595541420363
557.3000000000585 0.29646753215329447
557.4000000000585 0.29817946583222177
557.5000000000585 0.2998699287015292
557.6000000000586 0.30156074393612003
557.7000000000586 0.3032519115580137
557.8000000000586 0.30494343158996584
557.9000000000586 0.30665714106394937
558.0000000000587 0.30837120761195436
558.1000000000587 0.31003360336478675
558.2000000000587 0.31169602524107287
558.3000000000587 0.3133584732136637
558.4000000000588 0.3150209472532192
558.5000000000588 0.31670528757033845
558.6000000000588 0.318389654265142
558.7000000000588 0.320052206704987
558.8000000000588 0.3217147850997801
558.9000000000589 0.3233773894213289
559.0000000000589 0.3250400196418561
559.1000000000589 0.3267387623007713
559.2000000000589 0.32843767905165927
559.300000000059 0.33011492532911074
559.400000000059 0.33179234341067154
559.500000000059 0.3334699332858965
559.600000000059 0.3350721261308646
559.700000000059 0.3366737340732124
559.8000000000591 0.3382747569868952
559.9000000000591 0.33989702640098196
560.0000000000591 0.3415187029471767
560.1000000000591 0.34321745491878425
560.2000000000592 0.3449165939781842
560.3000000000592 0.3466161201547788
560.4000000000592 0.3483160334771761
560.5000000000592 0.3500381745035473
560.6000000000593 0.3517607078019264
560.7000000000593 0.35346178780215726
560.8000000000593 0.3551632550632696
560.9000000000593 0.35686510961388257
561.0000000000593 0.3585673514826176
561.1000000000594 0.3602630812716202
561.2000000000594 0.3619589313777023
561.3000000000594 0.363633046205972
561.4000000000594 0.365307279731241
561.5000000000595 0.36698163193359945
561.6000000000595 0.36857288471297683
561.7000000000595 0.3701853489749766
561.8000000000595 0.3717971674650245
561.9000000000595 0.37338649950422503
562.0000000000596 0.3749751938606904
562.1000000000596 0.37664634611637154
562.2000000000596 0.37831759866152026
562.3000000000596 0.3800107899197329
562.4000000000597 0.38170408276397627
562.5000000000597 0.3833756373837438
562.6000000000597 0.38504729220121453
562.7000000000597 0.3865224770237505
562.8000000000598 0.38799774992187697
562.9000000000598 0.3888396791999418
563.0000000000598 0.38968165761569173
563.1000000000598 0.39055240911746336
563.2000000000598 0.39142333500564136
563.3000000000599 0.39229443528831764
563.4000000000599 0.3931657099745114
563.5000000000599 0.3940371590727813
563.6000000000599 0.3949087825917013
563.70000000006 0.39580243962458744
563.80000000006 0.39669627565116067
563.90000000006 0.3975684270403856
564.00000000006 0.39844075288506986
564.10000000006 0.3992117451449748
564.2000000000601 0.3999824741856879
564.3000000000601 0.4007529399208773
564.4000000000601 0.4015231422651636
564.5000000000601 0.4022930811322767
564.6000000000602 0.40315396774094375
564.7000000000602 0.4040149802997004
564.8000000000602 0.40487611880754476
564.9000000000602 0.40573738326395364
565.0000000000603 0.40659877366890196
565.1000000000603 0.4074822681101423
565.2000000000603 0.40836589258430966
565.3000000000603 0.40922778429782775
565.4000000000603 0.4100898027158538
565.5000000000604 0.41095194784006517
565.6000000000604 0.4118142196721458
565.7000000000604 0.4126766182128085
565.8000000000604 0.4135391434637436
565.9000000000605 0.4144017954261559
566.0000000000605 0.41526457410126383
566.1000000000605 0.41614317579928395
566.2000000000605 0.41702196835790434
566.3000000000605 0.4172882579625374
566.4000000000606 0.41755459896981983
566.5000000000606 0.4176021223457641
566.6000000000606 0.4176496473141853
566.7000000000606 0.4176971738742084
566.8000000000607 0.41774470202644254
566.9000000000607 0.4177922317714983
567.0000000000607 0.41783976310897286
567.1000000000607 0.41784964743988645
567.2000000000608 0.4178595296464351
567.3000000000608 0.4178694097290597
567.4000000000608 0.4178792876886974
567.5000000000608 0.41788916352578964
567.6000000000608 0.41789903724028254
567.7000000000609 0.41790890883360876
567.8000000000609 0.41791877830571406
567.9000000000609 0.4179286456575361
568.0000000000609 0.41793851088947576
568.100000000061 0.4178814929320332
568.200000000061 0.41782445800796164
568.300000000061 0.4177674061170652
568.400000000061 0.4177103372596438
568.500000000061 0.41765325143599774
568.6000000000611 0.417596148646428
568.7000000000611 0.41753902889074124
568.8000000000611 0.4174818921697342
568.9000000000611 0.4174247384832147
569.0000000000612 0.41736756783153867
569.1000000000612 0.4173978074569611
569.2000000000612 0.4174280464520517
569.3000000000612 0.4174582848170436
569.4000000000613 0.41748852255217067
569.5000000000613 0.4175187596576657
569.6000000000613 0.417548996134755
569.7000000000613 0.4175792319826796
569.8000000000613 0.4176094672021702
569.9000000000614 0.41763970179395643
570.0000000000614 0.41766993575783934
570.1000000000614 0.41780200160036485
570.2000000000614 0.4179340853794073
570.3000000000615 0.41806618709523524
570.4000000000615 0.418198306749605
570.5000000000615 0.41833044434371974
570.6000000000615 0.4183678393256238
570.7000000000616 0.4184052353085491
570.8000000000616 0.4184426322932795
570.9000000000616 0.4184800302801026
571.0000000000616 0.4185174292693135
571.1000000000616 0.41856625417808296
571.2000000000617 0.41861508085450816
571.3000000000617 0.4186639092972132
571.4000000000617 0.4187127395073048
571.5000000000617 0.4187615714853943
571.6000000000618 0.41881040523060226
571.7000000000618 0.4188592407440365
571.8000000000618 0.4189080780253155
571.9000000000618 0.4189569170750507
572.0000000000618 0.41900575789284156
572.1000000000619 0.4190241933934143
572.2000000000619 0.4190426269001376
572.3000000000619 0.4190610584138559
572.4000000000619 0.4190794879344206
572.500000000062 0.4190979154626771
572.600000000062 0.4191163409989726
572.700000000062 0.41913476454365617
572.800000000062 0.41915318609757296
572.900000000062 0.4191716056605747
573.0000000000621 0.4191900232335739
573.1000000000621 0.4193163651659739
573.2000000000621 0.41944272095790064
573.3000000000621 0.4195690906105974
573.4000000000622 0.4196954741228221
573.5000000000622 0.4198218714952623
573.6000000000622 0.41985329329556687
573.7000000000622 0.4198847147381337
573.8000000000623 0.41991613582317333
573.9000000000623 0.41994755655189087
574.0000000000623 0.419978976923502
574.1000000000623 0.4200107014226525
574.2000000000623 0.4200424253648346
574.3000000000624 0.420074148749757
574.4000000000624 0.42010587157812374
574.5000000000624 0.420137593849643
574.6000000000624 0.4201693155655171
574.7000000000625 0.4202010367249573
574.8000000000625 0.4202327573291657
574.9000000000625 0.42026447737834954
575.0000000000625 0.42029619687227804
575.1000000000626 0.42042402948000474
575.2000000000626 0.42055187645947795
575.3000000000626 0.42067973781187173
575.4000000000626 0.42080761353636953
575.5000000000626 0.4209355036325919
575.6000000000627 0.42096827402817366
575.7000000000627 0.42100104398456434
575.8000000000627 0.4210338135024642
575.9000000000627 0.421066582581577
576.0000000000628 0.4210993512226629
576.1000000000628 0.4212261582960659
576.2000000000628 0.4213529792035009
576.3000000000628 0.42147981394565376
576.4000000000628 0.4216066625217154
576.5000000000629 0.42173352493281097
576.6000000000629 0.42176519458774814
576.7000000000629 0.42179686377934844
576.8000000000629 0.4218285325083413
576.900000000063 0.4218602007749581
577.000000000063 0.42189186857898275
577.100000000063 0.42200511221256176
577.200000000063 0.4221183615867298
577.300000000063 0.42223161669995013
577.4000000000631 0.42234487755118527
577.5000000000631 0.4224581441388382
577.6000000000631 0.42247615690023926
577.7000000000631 0.422494167273783
577.8000000000632 0.4225121752597793
577.9000000000632 0.422530180859038
578.0000000000632 0.42254818407194467
578.1000000000632 0.4226842432636586
578.2000000000633 0.4228203215936245
578.3000000000633 0.4229564190617841
578.4000000000633 0.42309253566907623
578.5000000000633 0.4232286714168778
578.6000000000633 0.4232694953377978
578.7000000000634 0.42331032001123975
578.8000000000634 0.42335114543687213
578.9000000000634 0.42339197161486286
579.0000000000634 0.42343279854643245
579.1000000000635 0.42355929704142553
579.2000000000635 0.4236858088675211
579.3000000000635 0.42381233402472807
579.4000000000635 0.4239388725130536
579.5000000000636 0.4240654243309474
579.6000000000636 0.4240965796756967
579.7000000000636 0.4241277343327363
579.8000000000636 0.42415888830227866
579.9000000000636 0.4241900415845366
580.0000000000637 0.4242211941802132
580.1000000000637 0.42423830725853473
580.2000000000637 0.4242554179107835
580.3000000000637 0.42427252613729577
580.4000000000638 0.4242896319384072
580.5000000000638 0.4243067353145149
580.6000000000638 0.424419297196438
580.7000000000638 0.42453186434790396
580.8000000000638 0.42464443676686897
580.9000000000639 0.42475701445278874
581.0000000000639 0.4248695974040599
581.1000000000639 0.4248897770532119
581.2000000000639 0.4249099547039085
581.300000000064 0.42493013035595795
581.400000000064 0.424950304009667
581.500000000064 0.4249704756664036
581.600000000064 0.42508614884183377
581.700000000064 0.4252018290840489
581.8000000000641 0.42531751639276166
581.9000000000641 0.42543321076668533
582.0000000000641 0.42554891220496943
582.1000000000641 0.4255649224155923
582.2000000000642 0.42558092948875426
582.3000000000642 0.4255969334238557
582.4000000000642 0.42561293422229723
582.5000000000642 0.4256289318845414
582.6000000000643 0.4257404696040819
582.7000000000643 0.42585201136732465
582.8000000000643 0.42596355717180767
582.9000000000643 0.42607510701706797
583.0000000000643 0.42618666090059093
583.1000000000644 0.4262157523330436
583.2000000000644 0.42624484270638957
583.3000000000644 0.42627393202132524
583.4000000000644 0.42630302027854833
583.5000000000645 0.4263321074772554
583.6000000000645 0.4263608422806617
583.7000000000645 0.42638935010246615
583.8000000000645 0.42641774773871266
583.9000000000646 0.4264461433591296
584.0000000000646 0.42647463650814527
584.1000000000646 0.42652177370711425
584.2000000000646 0.4265691839850916
584.3000000000646 0.4266169410338819
584.4000000000647 0.4266651099171885
584.5000000000647 0.42671374706962867
584.6000000000647 0.42685823541289947
584.7000000000647 0.42700307491173406
584.8000000000648 0.4271484132392074
584.9000000000648 0.4272943809286465
585.0000000000648 0.4274410913409584
585.1000000000648 0.4274675603117761
585.2000000000648 0.42749491910704684
585.3000000000649 0.4275232285989183
585.4000000000649 0.42755253232746615
585.5000000000649 0.42758285649357425
585.6000000000649 0.42761438613971925
585.700000000065 0.42764704988429814
585.800000000065 0.42768076331574384
585.900000000065 0.42771542898696235
586.000000000065 0.42775093641249184
586.100000000065 0.4277752779589264
586.2000000000651 0.4278002002024737
586.3000000000651 0.42782555346348083
586.4000000000651 0.4278511750149229
586.5000000000651 0.42787688907822036
586.6000000000652 0.4279023305541583
586.7000000000652 0.4279278476357381
586.8000000000652 0.427953427325567
586.9000000000652 0.4279790479432655
587.0000000000653 0.42800467912128176
587.1000000000653 0.4279593764132417
587.2000000000653 0.4279139784631769
587.3000000000653 0.42786842889844634
587.4000000000653 0.42782266269365343
587.5000000000654 0.42777660617693763
587.6000000000654 0.4276344280387312
587.7000000000654 0.42749236385085737
587.8000000000654 0.4273503982735263
587.9000000000655 0.42720852032115136
588.0000000000655 0.42706672335430357
588.1000000000655 0.42682354079776
588.2000000000655 0.4265804224430735
588.3000000000656 0.42633737455818715
588.4000000000656 0.4260944077210892
588.5000000000656 0.42585153680492194
588.6000000000656 0.4257058635582648
588.7000000000656 0.4255607822998951
588.8000000000657 0.4254158997389296
588.9000000000657 0.42527084902056494
589.0000000000657 0.42512528967816354
589.1000000000657 0.4251636807689779
589.2000000000658 0.4252010004618717
589.3000000000658 0.42523698545847033
589.4000000000658 0.4252713982669465
589.5000000000658 0.42530402721463617
589.6000000000658 0.4252387407307798
589.7000000000659 0.4251716660613841
589.8000000000659 0.42510268336903556
589.9000000000659 0.42503170739677154
590.0000000000659 0.42495868743760834
590.100000000066 0.42517397028676995
590.200000000066 0.42538723893381475
590.300000000066 0.4255985420967875
590.400000000066 0.4258079631576389
590.500000000066 0.42601562025221795
590.6000000000661 0.42622149084103306
590.7000000000661 0.4264255826307437
590.8000000000661 0.42662810499875414
590.9000000000661 0.4268292937184048
591.0000000000662 0.4270294110152289
591.1000000000662 0.42693927506383467
591.2000000000662 0.4268486640115578
591.3000000000662 0.42675792006231744
591.4000000000663 0.4266674111124186
591.5000000000663 0.42657753072457555
591.6000000000663 0.4263926877249889
591.7000000000663 0.4262079910095489
591.8000000000663 0.4260234252568593
591.9000000000664 0.4258389794939565
592.0000000000664 0.42565464708516576
592.1000000000664 0.42567507348247097
592.2000000000664 0.42569562053812354
592.3000000000665 0.42571629475658535
592.4000000000665 0.4257371069614675
592.5000000000665 0.4257580723005798
592.6000000000665 0.4260675232226986
592.7000000000666 0.4263767305327338
592.8000000000666 0.42668576718591544
592.9000000000666 0.4269946976911516
593.0000000000666 0.4273035780804131
593.1000000000666 0.4274261259031226
593.2000000000667 0.4275486951671706
593.3000000000667 0.42767131623133675
593.4000000000667 0.4277940108145573
593.5000000000667 0.42791679197982624
593.6000000000668 0.427750133588116
593.7000000000668 0.4275833168561246
593.8000000000668 0.42741663466776825
593.9000000000668 0.4272503577948074
594.0000000000668 0.42708473493552923
594.1000000000669 0.42670913865412236
594.2000000000669 0.42633463313672226
594.3000000000669 0.4259613992125215
594.4000000000669 0.42558959549177383
594.500000000067 0.42521935846104586
594.600000000067 0.42542834939728486
594.700000000067 0.42563869626312373
594.800000000067 0.42585052205128043
594.900000000067 0.42606391542216804
595.0000000000671 0.42627893061883426
595.1000000000671 0.4266002575121598
595.2000000000671 0.4269232352959173
595.3000000000671 0.42724781558815567
595.4000000000672 0.42757391515372395
595.5000000000672 0.42790141577307733
595.6000000000672 0.42803757424294464
595.7000000000672 0.4281753561200381
595.8000000000673 0.42831462164182443
595.9000000000673 0.4284552091439518
596.0000000000673 0.42859693502394575
596.1000000000673 0.42864604659052874
596.2000000000673 0.42869584270722705
596.3000000000674 0.42874607344335613
596.4000000000674 0.42879646701536944
596.5000000000674 0.4288467297757946
596.6000000000674 0.4287998798994605
596.7000000000675 0.4287530869027095
596.8000000000675 0.4287063377240563
596.9000000000675 0.4286596106140067
597.0000000000675 0.4286128751408433
597.1000000000676 0.4286706541635174
597.2000000000676 0.4287283614173243
597.3000000000676 0.42878594035624246
597.4000000000676 0.4288433257063784
597.5000000000676 0.4289004434608985
597.6000000000677 0.42905399958360185
597.7000000000677 0.4292077414254055
597.8000000000677 0.4293616539037519
597.9000000000677 0.4295157262728052
598.0000000000678 0.42966995212936704
598.1000000000678 0.4297054522671349
598.2000000000678 0.4297410764993924
598.3000000000678 0.4297768313919669
598.4000000000678 0.4298127278740104
598.5000000000679 0.4298487812387117
598.6000000000679 0.4298860732039815
598.7000000000679 0.42992400403887376
598.8000000000679 0.42996217707554657
598.900000000068 0.43000022169215085
599.000000000068 0.430037793326291
599.100000000068 0.43018790011757835
599.200000000068 0.4303369496578104
599.300000000068 0.43048467456095096
599.4000000000681 0.4306308332954167
599.5000000000681 0.43077521023363435
599.6000000000681 0.4308209794348733
599.7000000000681 0.4308649531987973
599.8000000000682 0.43090700865070086
599.9000000000682 0.4309470578489872
600.0000000000682 0.4309850478016229
600.1000000000682 0.43111201759014023
600.2000000000683 0.43123693892905784
600.3000000000683 0.4313598625047985
600.4000000000683 0.4314808740883487
600.5000000000683 0.4316000945827378
600.6000000000683 0.43162061776308247
600.7000000000684 0.43163932872666994
600.8000000000684 0.4316564416845338
600.9000000000684 0.4316721971708692
601.0000000000684 0.43168686204242723
601.1000000000685 0.4317163072885066
601.2000000000685 0.431745276020359
601.3000000000685 0.4317741140629948
601.4000000000685 0.43180319363028075
601.5000000000686 0.4318329133359997
601.6000000000686 0.4318638760726164
601.7000000000686 0.4318949953728088
601.8000000000686 0.43192625593925577
601.9000000000686 0.43195764685200216
602.0000000000687 0.4319891615737357
602.1000000000687 0.4320940726099678
602.2000000000687 0.43219910924088034
602.3000000000687 0.4323042781430715
602.4000000000688 0.4324095903861427
602.5000000000688 0.4325150614372424
602.6000000000688 0.43252337654741774
602.7000000000688 0.4325314154419728
602.8000000000688 0.43253925266099735
602.9000000000689 0.4325469539785955
603.0000000000689 0.4325545764018927
603.1000000000689 0.4325793504334157
603.2000000000689 0.43260413398566416
603.300000000069 0.43262895776397864
603.400000000069 0.43265384370551085
603.500000000069 0.43267880497630834
603.600000000069 0.4328005081823579
603.700000000069 0.4329223149020045
603.8000000000691 0.4330444031648312
603.9000000000691 0.43316693802676576
604.0000000000691 0.4332900715528144
604.1000000000691 0.4332905702246764
604.2000000000692 0.4332919186532598
604.3000000000692 0.4332942289999392
604.4000000000692 0.43329760025115044
604.5000000000692 0.4333021182167929
604.6000000000693 0.43340490096419165
604.7000000000693 0.433508718853029
604.8000000000693 0.4336135462630769
604.9000000000693 0.433719339949879
605.0000000000693 0.4338260390238107
605.1000000000694 0.43386067943895723
605.2000000000694 0.4338960472482175
605.3000000000694 0.43393202817742843
605.4000000000694 0.43396849030198986
605.5000000000695 0.4340052840403106
605.6000000000695 0.4341393433139781
605.7000000000695 0.43427389286022616
605.8000000000695 0.43440887580885484
605.9000000000696 0.4345442264018859
606.0000000000696 0.4346798699754182
606.1000000000696 0.43472371999676407
606.2000000000696 0.4347676712800172
606.3000000000696 0.43481162236595833
606.4000000000697 0.43485546292911254
606.5000000000697 0.4348990737719462
606.6000000000697 0.43503952063763246
606.7000000000697 0.435179987381197
606.8000000000698 0.43532047400177465
606.9000000000698 0.4354609805000232
607.0000000000698 0.43560150687703036
607.1000000000698 0.43563051055529944
607.2000000000698 0.43565951276611514
607.3000000000699 0.43568851350973314
607.4000000000699 0.4357175127859003
607.5000000000699 0.4357465105959562
607.6000000000699 0.43587277825715137
607.70000000007 0.4359990573961352
607.80000000007 0.4361253480118373
607.90000000007 0.4362516501042029
608.00000000007 0.43637796367158216
608.10000000007 0.43640241521228385
608.2000000000701 0.4364268647256325
608.3000000000701 0.4364513122129551
608.4000000000701 0.4364757576735467
608.5000000000701 0.4365002011088031
608.6000000000702 0.43662197242720685
608.7000000000702 0.4367437526183173
608.8000000000702 0.43686554168176056
608.9000000000702 0.4369873396156372
609.0000000000703 0.43710914641900817
609.1000000000703 0.4371503060234593
609.2000000000703 0.4371914653672975
609.3000000000703 0.4372326244491634
609.4000000000703 0.4372737832702384
609.5000000000704 0.43731494183024855
609.6000000000704 0.43745350683319295
609.7000000000704 0.43759208990863957
609.8000000000704 0.4377306910562289
609.9000000000705 0.4378693102761094
610.0000000000705 0.43800794756843264
610.1000000000705 0.43814978571716445
610.2000000000705 0.4382916442880009
610.3000000000706 0.4384335232811568
610.4000000000706 0.4385754226978648
610.5000000000706 0.43871734253776146
610.6000000000706 0.4387617801844301
610.7000000000706 0.4388062185054813
610.8000000000707 0.43885065750154295
610.9000000000707 0.4388950971717161
611.0000000000707 0.43893953751667925
611.1000000000707 0.4390565222778156
611.2000000000708 0.43917351303300367
611.3000000000708 0.4392905097820277
611.4000000000708 0.4394075125231431
611.5000000000708 0.43952452125453717
611.6000000000708 0.4395439679472071
611.7000000000709 0.4395634119947411
611.8000000000709 0.4395828533985326
611.9000000000709 0.4396022921589569
612.0000000000709 0.4396217282754555
612.100000000071 0.43976222952182936
612.200000000071 0.43990275003512974
612.300000000071 0.4400432898152386
612.400000000071 0.4401838488630566
612.500000000071 0.44032442717839526
612.6000000000711 0.44036738232648603
612.7000000000711 0.4404103376938968
612.8000000000711 0.44045329328021426
612.9000000000711 0.4404962490855341
613.0000000000712 0.44053920511052447
613.1000000000712 0.44066869547083304
613.2000000000712 0.44079819821816124
613.3000000000712 0.44092771335126235
613.4000000000713 0.4410572408699085
613.5000000000713 0.44118678077183243
613.6000000000713 0.4413163330573172
613.7000000000713 0.44144589772511517
613.8000000000713 0.4415754747739787
613.9000000000714 0.44170506420317013
614.0000000000714 0.4418346660118734
614.1000000000714 0.44185475392717666
614.2000000000714 0.44187483931943267
614.3000000000715 0.4418949221879987
614.4000000000715 0.4419150025337635
614.5000000000715 0.4419350803571757
614.6000000000715 0.4420529333477855
614.7000000000716 0.442170792698667
614.8000000000716 0.4422886584076466
614.9000000000716 0.4424065304740824
615.0000000000716 0.4425244088962534
615.1000000000716 0.44256052416748054
615.2000000000717 0.44259663891199735
615.3000000000717 0.44263275312949185
615.4000000000717 0.44266886682118334
615.5000000000717 0.44270497998683084
615.6000000000718 0.44283893596182394
615.7000000000718 0.4429729073721799
615.8000000000718 0.44310689421737787
615.9000000000718 0.4432408964974069
616.0000000000719 0.443374914212709
616.1000000000719 0.44342640597166794
616.2000000000719 0.44347789866940546
616.3000000000719 0.4435293923064442
616.4000000000719 0.44358088688228486
616.500000000072 0.4436323823964996
616.600000000072 0.4437818223112011
616.700000000072 0.44393128590003617
616.800000000072 0.44408077316479805
616.900000000072 0.44423028410574616
617.0000000000721 0.4443798187230543
617.1000000000721 0.4444114312361102
617.2000000000721 0.4444430426136348
617.3000000000721 0.44447465285638604
617.4000000000722 0.44450626196358706
617.5000000000722 0.4445378699365781
617.6000000000722 0.4446675075299426
617.7000000000722 0.4447971579279552
617.8000000000723 0.4449268211292224
617.9000000000723 0.4450564971333738
618.0000000000723 0.4451861859404763
618.1000000000723 0.44521278157383076
618.2000000000724 0.4452393746743829
618.3000000000724 0.4452659652419446
618.4000000000724 0.44529255327683986
618.5000000000724 0.4453191387788798
618.6000000000724 0.44534572174941217
618.7000000000725 0.4453723021877375
618.8000000000725 0.44539888009469153
618.9000000000725 0.4454254554705982
619.0000000000725 0.44545202831534597
619.1000000000726 0.44558326395391895
619.2000000000726 0.4457145132194892
619.3000000000726 0.44584577611178305
619.4000000000726 0.44597705263001347
619.5000000000726 0.4461083427738358
619.6000000000727 0.4461414855998085
619.7000000000727 0.4461746274667748
619.8000000000727 0.44620776837445386
619.9000000000727 0.44624090832358904
620.0000000000728 0.4462740473139617
620.1000000000728 0.4463928444553952
620.2000000000728 0.44651164820597683
620.3000000000728 0.44663045856407796
620.4000000000729 0.44674927552806987
620.5000000000729 0.44686809909727715
620.6000000000729 0.44688871197098234
620.7000000000729 0.44690932238730835
620.8000000000729 0.4469299303471465
620.900000000073 0.44695053585036415
621.000000000073 0.4469711388973583
621.100000000073 0.4470166690164452
621.200000000073 0.44706219951300963
621.300000000073 0.44710773038771257
621.4000000000731 0.4471532616401903
621.5000000000731 0.4471987932716894
621.6000000000731 0.4473426207369319
621.7000000000731 0.4474864685951671
621.8000000000732 0.44763033684640324
621.9000000000732 0.4477742254911601
622.0000000000732 0.44791813452885215
622.1000000000732 0.44795257367189106
622.2000000000733 0.44798701202463
622.3000000000733 0.44802144958677803
622.4000000000733 0.44805588635855614
622.5000000000733 0.4480903223412849
622.6000000000734 0.44822313838039557
622.7000000000734 0.44835596874932676
622.8000000000734 0.4484888134478998
622.9000000000734 0.4486216724754211
623.0000000000734 0.4487545458316346
623.1000000000735 0.448781796718968
623.2000000000735 0.44880904510985675
623.3000000000735 0.4488362910046118
623.4000000000735 0.44886353440303034
623.5000000000736 0.44889077530542315
623.6000000000736 0.44891764378590665
623.7000000000736 0.44894427190230657
623.8000000000736 0.44897078263135415
623.9000000000736 0.4489972898677529
624.0000000000737 0.44902389841784446
624.1000000000737 0.4491495239235822
624.2000000000737 0.4492754460753364
624.3000000000737 0.4494017426437257
624.4000000000738 0.44952848236400217
624.5000000000738 0.44965572492246364
624.6000000000738 0.44968464339292047
624.7000000000738 0.4497139055946006
624.8000000000739 0.44974366672831073
624.9000000000739 0.449774063780601
625.0000000000739 0.4498052155201614
625.1000000000739 0.44984767998974107
625.2000000000739 0.4498910832442464
625.300000000074 0.44993548943882544
625.400000000074 0.44998094449411663
625.500000000074 0.4500274760890148
625.600000000074 0.4501738717032283
625.700000000074 0.4503214851808493
625.8000000000741 0.45047022851470075
625.9000000000741 0.45061999987628426
626.0000000000741 0.4507706835912492
626.1000000000741 0.4508157509652331
626.2000000000742 0.4508614324967836
626.3000000000742 0.4509075705089227
626.4000000000742 0.45095399354664584
626.5000000000742 0.4510005163694776
626.6000000000743 0.4509480568213423
626.7000000000743 0.4508956589571911
626.8000000000743 0.4508433090409777
626.9000000000743 0.45079098419943586
627.0000000000744 0.4507386524288279
627.1000000000744 0.4498835546007409
627.2000000000744 0.44902824476874587
627.3000000000744 0.448172664314926
627.4000000000744 0.447316746002058
627.5000000000745 0.44646041405937276
627.6000000000745 0.4451098598467071
627.7000000000745 0.4437592663412332
627.8000000000745 0.4424086163544775
627.9000000000746 0.441057897362049
628.0000000000746 0.4397071014414379
628.1000000000746 0.44025168638306605
628.2000000000746 0.44079651435974154
628.3000000000746 0.4413415925617447
628.4000000000747 0.4418869326958591
628.5000000000747 0.442432551014214
628.6000000000747 0.4432762008463695
628.7000000000747 0.4441207012196634
628.8000000000748 0.44496564522823717
628.9000000000748 0.44581064999866826
629.0000000000748 0.4466553569421202
629.1000000000748 0.44670950212479843
629.2000000000749 0.44676252482934836
629.3000000000749 0.4468141482925383
629.4000000000749 0.44686412283425175
629.5000000000749 0.44691222587563567
629.6000000000749 0.4470574401178442
629.700000000075 0.44720081141623774
629.800000000075 0.44734221098844795
629.900000000075 0.4474815462119477
630.000000000075 0.4476187606845728
630.100000000075 0.4480397079398216
630.2000000000751 0.44845855423556186
630.3000000000751 0.44887534817130686
630.4000000000751 0.44929017501851287
630.5000000000751 0.4497031568878031
630.6000000000752 0.4500152107151065
630.7000000000752 0.4503253933015996
630.8000000000752 0.4506339246147476
630.9000000000752 0.45094105269786267
631.0000000000753 0.45124705375544144
631.1000000000753 0.4514589188944076
631.2000000000753 0.4516702957083881
631.3000000000753 0.4518815455251217
631.4000000000754 0.45209305788290466
631.5000000000754 0.4523052505932553
631.6000000000754 0.45251875618653165
631.7000000000754 0.452732437338432
631.8000000000754 0.45294627820081823
631.9000000000755 0.4531602674947115
632.0000000000755 0.4533743985181373
632.1000000000755 0.45358700905860894
632.2000000000755 0.45379976085910095
632.3000000000756 0.4540126610179044
632.4000000000756 0.45422572125474026
632.5000000000756 0.45443895792177896
632.6000000000756 0.45455290007440063
632.7000000000756 0.45466655888730617
632.8000000000757 0.45478001253224537
632.9000000000757 0.4548933300346285
633.0000000000757 0.4550065712612969
633.1000000000757 0.4551211835774406
633.2000000000758 0.4552358116682003
633.3000000000758 0.4553504878564287
633.4000000000758 0.45546523525912874
633.5000000000758 0.45558006777792465
633.6000000000759 0.45569461463493205
633.7000000000759 0.45580926453884385
633.8000000000759 0.45592420491656355
633.9000000000759 0.45603960951240535
634.0000000000759 0.45615563837608103
634.100000000076 0.4561740981312715
634.200000000076 0.4561934538085289
634.300000000076 0.45621382360879265
634.400000000076 0.4562353118771006
634.500000000076 0.45625800910187503
634.6000000000761 0.4563811836490694
634.7000000000761 0.45650545765757944
634.8000000000761 0.4566308042551772
634.9000000000761 0.4567571780062917
635.0000000000762 0.4568845148847766
635.1000000000762 0.4569162063496298
635.2000000000762 0.4569486639596046
635.3000000000762 0.4569817673458933
635.4000000000763 0.457015377558506
635.5000000000763 0.4570493370561389
635.6000000000763 0.45718272778188856
635.7000000000763 0.45731663225833946
635.8000000000764 0.457450990573809
635.9000000000764 0.45758573346002007
636.0000000000764 0.45772078227752955
636.1000000000764 0.4577457502868814
636.2000000000764 0.4577708216268414
636.3000000000765 0.45779588946159433
636.4000000000765 0.45782083763801984
636.5000000000765 0.45784554068697336
636.6000000000765 0.4579691848300494
636.7000000000766 0.4580928368700506
636.8000000000766 0.45821649680520865
636.9000000000766 0.45834016463427274
637.0000000000766 0.45846384035540594
637.1000000000766 0.45849745441136913
637.2000000000767 0.4585310675220175
637.3000000000767 0.4585646796875948
637.4000000000767 0.45859829090886256
637.5000000000767 0.4586319011851052
637.6000000000768 0.4587648963259434
637.7000000000768 0.4588979050876226
637.8000000000768 0.4590309274693323
637.9000000000768 0.45916396347077837
638.0000000000769 0.45929701309054854
638.1000000000769 0.4593206938424751
638.2000000000769 0.45934437262985733
638.3000000000769 0.45936804945254933
638.400000000077 0.45939172431144276
638.500000000077 0.4594153972059502
638.600000000077 0.4595385138226761
638.700000000077 0.4596616387224101
638.800000000077 0.4597847719043245
638.9000000000771 0.45990791336655445
639.0000000000771 0.46003106310923464
639.1000000000771 0.4600566108788459
639.2000000000771 0.4600821559513653
639.3000000000771 0.46010769832610593
639.4000000000772 0.46013323800341666
639.5000000000772 0.4601587749841656
639.6000000000772 0.4601843092681839
639.7000000000772 0.46020984085530303
639.8000000000773 0.4602353697469097
639.9000000000773 0.4602608959417987
640.0000000000773 0.4602864194414354
640.1000000000773 0.4604135709954557
640.2000000000774 0.4605407330722149
640.3000000000774 0.4606679056712094
640.4000000000774 0.4607950887919354
640.5000000000774 0.46092228243381256
640.6000000000774 0.4609499293760879
640.7000000000775 0.4609775748961699
640.8000000000775 0.4610052189944076
640.9000000000775 0.4610328616706316
641.0000000000775 0.46106050292579265
641.1000000000776 0.46119478523057167
641.2000000000776 0.46132908170095716
641.3000000000776 0.46146339233672196
641.4000000000776 0.46159771713763775
641.5000000000776 0.46173205610288065
641.6000000000777 0.46176678317381264
641.7000000000777 0.46180150942355325
641.8000000000777 0.4618362348533773
641.9000000000777 0.4618709594624839
642.0000000000778 0.4619056832511065
642.1000000000778 0.46193627023932843
642.2000000000778 0.4619668549216516
642.3000000000778 0.4619974372983279
642.4000000000779 0.46202801736909094
642.5000000000779 0.462058595134791
642.6000000000779 0.4621888662093005
642.7000000000779 0.46231914817095693
642.800000000078 0.4624494410180657
642.900000000078 0.46257974474997066
643.000000000078 0.46271005936437537
643.100000000078 0.4627360113665479
643.200000000078 0.46276196171572304
643.3000000000781 0.46278791041226225
643.4000000000781 0.46281385745652814
643.5000000000781 0.4628398028483631
643.6000000000781 0.46286574658864893
643.7000000000781 0.46289168867722863
643.8000000000782 0.46291762911394385
643.9000000000782 0.46294356789967817
644.0000000000782 0.4629695050348785
644.1000000000782 0.4631043997035524
644.2000000000783 0.46323930891748855
644.3000000000783 0.46337423267663846
644.4000000000783 0.46350917097991357
644.5000000000783 0.4636441238277068
644.6000000000784 0.4636792679118666
644.7000000000784 0.4637144114083065
644.8000000000784 0.4637495543167798
644.9000000000784 0.46378469663859817
645.0000000000784 0.4638198383724682
645.1000000000785 0.46384696626599303
645.2000000000785 0.46387409255318524
645.3000000000785 0.46390121723438166
645.4000000000785 0.46392834030939883
645.5000000000786 0.4639554617790151
645.6000000000786 0.46388269303590557
645.7000000000786 0.46380991101063374
645.8000000000786 0.4637371157055591
645.9000000000786 0.46366430712147977
646.0000000000787 0.4635914852597073
646.1000000000787 0.4635096156211743
646.2000000000787 0.46342773573453944
646.3000000000787 0.46334584560232395
646.4000000000788 0.4632639452260083
646.5000000000788 0.4631820346075147
646.6000000000788 0.4630001784634858
646.7000000000788 0.4628183043093901
646.8000000000789 0.46263641214877144
646.9000000000789 0.4624545019846548
647.0000000000789 0.4622725738211992
647.1000000000789 0.4622094180281324
647.200000000079 0.4621462462000057
647.300000000079 0.46208305833767516
647.400000000079 0.46201985444043514
647.500000000079 0.46195663450914193
647.600000000079 0.4618933985441319
647.7000000000791 0.4618301465452207
647.8000000000791 0.46176687851326603
647.9000000000791 0.461703594448084
648.0000000000791 0.46164029435024123
648.1000000000791 0.46186719872575743
648.2000000000792 0.46209412399667843
648.3000000000792 0.4623210701609209
648.4000000000792 0.46254803721535925
648.5000000000792 0.4627750251573097
648.6000000000793 0.46290254073867865
648.7000000000793 0.46303043372972935
648.8000000000793 0.463158514120508
648.9000000000793 0.4632866057941406
649.0000000000794 0.4634145465417375
649.1000000000794 0.46344160134463613
649.2000000000794 0.4634682117379633
649.3000000000794 0.4634942577324939
649.4000000000794 0.46351963342183994
649.5000000000795 0.46354424698656255
649.6000000000795 0.46386838874793773
649.7000000000795 0.4641916566643483
649.8000000000795 0.46451399935449933
649.9000000000796 0.4648353794504231
650.0000000000796 0.46515577364817096
650.1000000000796 0.46532542755892964
650.2000000000796 0.4654940388686449
650.3000000000796 0.46566162771677827
650.4000000000797 0.46582822845718547
650.5000000000797 0.4659938896828431
650.6000000000797 0.465858570725016
650.7000000000797 0.4657226221471952
650.8000000000798 0.4655860728277599
650.9000000000798 0.4654489705085374
651.0000000000798 0.4653113817638333
651.1000000000798 0.4650032063971421
651.2000000000799 0.4646947275045777
651.3000000000799 0.4643860682083253
651.4000000000799 0.46407737015007056
651.5000000000799 0.4637687934240194
651.60000000008 0.4636606290229807
651.70000000008 0.4635521630328516
651.80000000008 0.46344337918654416
651.90000000008 0.46333426593393245
652.00000000008 0.4632248164415729
652.1000000000801 0.4635882534486985
652.2000000000801 0.4639512866282188
652.3000000000801 0.4643139222352638
652.4000000000801 0.4646761712666642
652.5000000000801 0.4650380494782726
652.6000000000802 0.46519938585551684
652.7000000000802 0.46536030715671933
652.8000000000802 0.4655209074872448
652.9000000000802 0.46568128108842227
653.0000000000803 0.4658415223360319
653.1000000000803 0.46579230075136707
653.2000000000803 0.46574317210648375
653.3000000000803 0.46569423093472667
653.4000000000804 0.46564557173381105
653.5000000000804 0.4655972889676983
653.6000000000804 0.46564880472291187
653.7000000000804 0.4657002299566031
653.8000000000804 0.46575177265989454
653.9000000000805 0.4658036220138828
654.0000000000805 0.46585594837999117
654.1000000000805 0.46573679070989465
654.2000000000805 0.46561842030817135
654.3000000000806 0.4655009500185087
654.4000000000806 0.46538447368188146
654.5000000000806 0.4652690661598128
654.6000000000806 0.4652546234044807
654.7000000000806 0.4652413366106401
654.8000000000807 0.46522922458655847
654.9000000000807 0.46521828725379216
655.0000000000807 0.4652085056485695
655.1000000000807 0.46519796359121335
655.2000000000808 0.4651884799234286
655.3000000000808 0.46517997901863734
655.4000000000808 0.46517236636793946
655.5000000000808 0.46516552858193383
655.6000000000809 0.4652591529888527
655.7000000000809 0.4653535314974888
655.8000000000809 0.465448572432009
655.9000000000809 0.4655441698663429
656.000000000081 0.4656402036066939
656.100000000081 0.4657165316377498
656.200000000081 0.46579300867338935
656.300000000081 0.4658694716331837
656.400000000081 0.465945743138431
656.5000000000811 0.46602163150190545
656.6000000000811 0.46609693071971364
656.7000000000811 0.46617221691119837
656.8000000000811 0.46624749007535216
656.9000000000811 0.4663227502111685
657.0000000000812 0.4663979973191271
657.1000000000812 0.4663846439349105
657.2000000000812 0.4663712840959937
657.3000000000812 0.46635791780435293
657.4000000000813 0.46634454505988876
657.5000000000813 0.466331165863621
657.6000000000813 0.4664175273352808
657.7000000000813 0.4665038766279395
657.8000000000814 0.46659021373738496
657.9000000000814 0.46667653866096165
658.0000000000814 0.4667628513950174
658.1000000000814 0.46689866727189133
658.2000000000814 0.46703449823006926
658.3000000000815 0.4671703442691327
658.4000000000815 0.4673062053897014
658.5000000000815 0.46744208159083755
658.6000000000815 0.46757797287264175
658.7000000000816 0.4677138792357334
658.8000000000816 0.46784980067917475
658.9000000000816 0.4679857372035849
659.0000000000816 0.4681216888084682
659.1000000000816 0.4681636282688467
659.2000000000817 0.46820556810528835
659.3000000000817 0.4682475083175182
659.4000000000817 0.46828944890578206
659.5000000000817 0.46833138987040657
659.6000000000818 0.46847319759251743
659.7000000000818 0.46861502357667506
659.8000000000818 0.46875686782338644
659.9000000000818 0.4688987303326384
660.0000000000819 0.46904061110427214
660.1000000000819 0.46900536216233973
660.2000000000819 0.46897010945297957
660.3000000000819 0.4689348529783469
660.400000000082 0.4688995927400766
660.500000000082 0.4688643287393658
660.600000000082 0.4689289180725863
660.700000000082 0.46899348862104884
660.800000000082 0.46905804038400445
660.9000000000821 0.46912257336070445
661.0000000000821 0.46918708754929866
661.1000000000821 0.4691740371675996
661.2000000000821 0.4691609833445359
661.3000000000822 0.4691479260809983
661.4000000000822 0.4691348653778776
661.5000000000822 0.46912180123614666
661.6000000000822 0.46920854402479384
661.7000000000822 0.46929527781397173
661.8000000000823 0.46938200260187424
661.9000000000823 0.4694687183877335
662.0000000000823 0.46955542516965754
662.1000000000823 0.46953838342753895
662.2000000000824 0.4695213357406774
662.3000000000824 0.469504282109616
662.4000000000824 0.4694872225359352
662.5000000000824 0.4694701570201787
662.6000000000824 0.4694530855634083
662.7000000000825 0.4694360081661668
662.8000000000825 0.46941892482951664
662.9000000000825 0.46940183555452014
663.0000000000825 0.46938474034231376
663.1000000000826 0.4694577608178348
663.2000000000826 0.46953076548345557
663.3000000000826 0.46960375433705664
663.4000000000826 0.46967672737703914
663.5000000000827 0.4697496846012032
663.6000000000827 0.4697234779462606
663.7000000000827 0.4696976401272773
663.8000000000827 0.4696719779849924
663.9000000000827 0.46964631270553114
664.0000000000828 0.4696204798157121
664.1000000000828 0.4696214511718421
664.2000000000828 0.4696219690542481
664.3000000000828 0.46962191189438707
664.4000000000829 0.469621172426925
664.5000000000829 0.4696196576923374
664.6000000000829 0.46971699546427376
664.7000000000829 0.4698134135667265
664.800000000083 0.4699088613401194
664.900000000083 0.4700033023997272
665.000000000083 0.4700967146534288
665.100000000083 0.4700577657767937
665.200000000083 0.47001779206277466
665.3000000000831 0.4699768152244565
665.4000000000831 0.4699348712856274
665.5000000000831 0.46989201057193514
665.6000000000831 0.4698482977074829
665.7000000000832 0.4698038116060056
665.8000000000832 0.4697586454634184
665.9000000000832 0.46971290675334754
666.0000000000832 0.46966671721802844
666.1000000000832 0.4697365399354199
666.2000000000833 0.469806184164378
666.3000000000833 0.4698758144111352
666.4000000000833 0.4699456096001152
666.5000000000833 0.4700157630869799
666.6000000000834 0.4699872967543734
666.7000000000834 0.46995907670572634
666.8000000000834 0.4699309740407469
666.9000000000834 0.4699028694307598
667.0000000000834 0.4698746531156959
667.1000000000835 0.46984051398310195
667.2000000000835 0.4698060710568055
667.3000000000835 0.4697712432838815
667.4000000000835 0.46973595917250294
667.5000000000836 0.46970015679240534
667.6000000000836 0.4697629013721234
667.7000000000836 0.46982476760376274
667.8000000000836 0.4698858505692589
667.9000000000837 0.4699462454062107
668.0000000000837 0.4700060473107044
668.1000000000837 0.47002140293628136
668.2000000000837 0.47003637385398545
668.3000000000837 0.47005105550689186
668.4000000000838 0.4700655433551374
668.5000000000838 0.4700799328777448
668.6000000000838 0.4700937380894882
668.7000000000838 0.47010726211008347
668.8000000000839 0.47012079378865146
668.9000000000839 0.470134607703032
669.0000000000839 0.4701489641561338
669.1000000000839 0.4702629978573569
669.200000000084 0.47037805853430364
669.300000000084 0.47049436443660836
669.400000000084 0.4706121197082988
669.500000000084 0.4707315143680883
669.600000000084 0.47075319931096854
669.7000000000841 0.4707763145809837
669.8000000000841 0.47080084844949105
669.9000000000841 0.47082676527859985
670.0000000000841 0.47085400551499274
670.1000000000842 0.4708100044057825
670.2000000000842 0.4707671348392728
670.3000000000842 0.4707252649981494
670.4000000000842 0.4706842392083409
670.5000000000842 0.47064387794688145
670.6000000000843 0.4707034712907575
670.7000000000843 0.4707638185069062
670.8000000000843 0.47082482663900127
670.9000000000843 0.4708863883354423
671.0000000000844 0.4709483818385743
671.1000000000844 0.4709498992699126
671.2000000000844 0.4709515763551853
671.3000000000844 0.4709532480602317
671.4000000000844 0.47095473500083956
671.5000000000845 0.47095584343815744
671.6000000000845 0.47095636528345397
671.7000000000845 0.4709568831809666
671.8000000000845 0.4709573971317952
671.9000000000846 0.47095790713652247
672.0000000000846 0.47095841319525683
672.1000000000846 0.4710104504667973
672.2000000000846 0.4710624663959243
672.3000000000847 0.47111446098339316
672.4000000000847 0.4711664342294425
672.5000000000847 0.47121838613474504
672.6000000000847 0.4711709135542409
672.7000000000847 0.4711234396647793
672.8000000000848 0.4710759644689902
672.9000000000848 0.4710284879674348
673.0000000000848 0.47098101016224636
673.1000000000848 0.4709583948056634
673.2000000000849 0.4709357744467491
673.3000000000849 0.4709131490871017
673.4000000000849 0.47089051872728593
673.5000000000849 0.4708678833683833
673.600000000085 0.4708452430109587
673.700000000085 0.470822597656094
673.800000000085 0.4707999473048706
673.900000000085 0.47077729195836987
674.000000000085 0.4707546316172629
674.1000000000851 0.4708563923989225
674.2000000000851 0.4709581497666889
674.3000000000851 0.47105990371830897
674.4000000000851 0.47116165425101253
674.5000000000852 0.47126340136194644
674.6000000000852 0.4712658266459195
674.7000000000852 0.4712682474833612
674.8000000000852 0.47127066387484473
674.9000000000852 0.4712730758204262
675.0000000000853 0.471275483320643
675.1000000000853 0.47123648646621735
675.2000000000853 0.4711974868111143
675.3000000000853 0.4711584843567964
675.4000000000854 0.47111947910472585
675.5000000000854 0.47108047105584905
675.6000000000854 0.47104146021214405
675.7000000000854 0.4710024465745566
675.8000000000854 0.47096343014403225
675.9000000000855 0.47092441092254894
676.0000000000855 0.47088538891065074
676.1000000000855 0.4709805520230078
676.2000000000855 0.47107571060789155
676.3000000000856 0.47117086466423114
676.4000000000856 0.471266014190954
676.5000000000856 0.4713611591869051
676.6000000000856 0.4713570665842279
676.7000000000857 0.47110593083107843
676.8000000000857 0.4708547965650034
676.9000000000857 0.469911962869164
677.0000000000857 0.46896914271504087
677.1000000000857 0.4680360364382293
677.2000000000858 0.46710290453988523
677.3000000000858 0.4661697470390389
677.4000000000858 0.4652365639547183
677.5000000000858 0.4643033553055215
677.6000000000859 0.4634676727141696
677.7000000000859 0.46263157164456786
677.8000000000859 0.46179505209959826
677.9000000000859 0.4609581140806416
678.000000000086 0.460120757591511
678.100000000086 0.45916014936587907
678.200000000086 0.4581995218204112
678.300000000086 0.45726360796803495
678.400000000086 0.4563276752551773
678.5000000000861 0.45539172370005804
678.6000000000861 0.45445575331939236
678.7000000000861 0.4535197641298955
678.8000000000861 0.45258375614927193
678.9000000000862 0.45164772939373704
679.0000000000862 0.45071168388098237
679.1000000000862 0.4497710438779914
679.2000000000862 0.44883040413133685
679.3000000000862 0.4478650303001955
679.4000000000863 0.4468996568424851
679.5000000000863 0.4459590180544889
679.6000000000863 0.44501837959437757
679.7000000000863 0.44407774148128576
679.8000000000864 0.4431371037323985
679.9000000000864 0.4421964663663545
680.0000000000864 0.44125582940087305
680.1000000000864 0.44038057355824745
680.2000000000864 0.43950502673992153
680.3000000000865 0.43791158515651446
680.4000000000865 0.43631764233780534
680.5000000000865 0.43450042849424675
680.6000000000865 0.43259176784860104
680.7000000000866 0.43065859400375617
680.8000000000866 0.4287256592196579
680.9000000000866 0.4268177094656164
681.0000000000866 0.4249099957127744
681.1000000000867 0.4230160141501382
681.2000000000867 0.4211221491055516
681.3000000000867 0.4192036586186001
681.4000000000867 0.4172852862944452
681.5000000000867 0.41539177259652765
681.6000000000868 0.41349837556574154
681.7000000000868 0.41160509523788424
681.8000000000868 0.40971193165098146
681.9000000000868 0.407794147556494
682.0000000000869 0.40587648184854896
682.1000000000869 0.4039678557917996
682.2000000000869 0.40205949363640525
682.3000000000869 0.40015139542166056
682.400000000087 0.39824356118769944
682.500000000087 0.39631126324755134
682.600000000087 0.39446208565737445
682.700000000087 0.39263709861525437
682.800000000087 0.39081157460225474
682.9000000000871 0.3889855138236334
683.0000000000871 0.3871589164854302
683.1000000000871 0.38522717035534504
683.2000000000871 0.3832956822046967
683.3000000000872 0.381389191907545
683.4000000000872 0.379482956291008
683.5000000000872 0.37757697540075963
683.6000000000872 0.37567171404637245
683.7000000000872 0.3737670000564567
683.8000000000873 0.37186267596061223
683.9000000000873 0.36993386884312857
684.0000000000873 0.36800518290218437
684.1000000000873 0.3661026317220439
684.2000000000874 0.36419996914604846
684.3000000000874 0.3622971068156423
684.4000000000874 0.3603939693243079
684.5000000000874 0.3584657738559986
684.6000000000874 0.35653719359765673
684.7000000000875 0.35463290694631855
684.8000000000875 0.3527281673400218
684.9000000000875 0.3508229597927073
685.0000000000875 0.34891728052966436
685.1000000000876 0.34698858093922536
685.2000000000876 0.34505941285272057
685.3000000000876 0.34315450972046274
685.4000000000876 0.34124920072835657
685.5000000000877 0.33934353382857985
685.6000000000877 0.33708348715275077
685.7000000000877 0.3348025620022528
685.8000000000877 0.3325255355559336
685.9000000000877 0.33027708095264624
686.0000000000878 0.32803264531064996
686.1000000000878 0.32298855038972374
686.2000000000878 0.31798094916167213
686.3000000000878 0.3129861095580575
686.4000000000879 0.30802846619285135
686.5000000000879 0.30313149852463767
686.6000000000879 0.29372803906756456
686.7000000000879 0.2844150779015575
686.800000000088 0.2751925605949015
686.900000000088 0.2660394413252664
687.000000000088 0.25697786247928606
687.100000000088 0.2519152047551327
687.200000000088 0.24689541473096868
687.3000000000881 0.24191847082086057
687.4000000000881 0.23698435546956206
687.5000000000881 0.23207404955071384
687.6000000000881 0.23449583263036805
687.7000000000882 0.23688744467859532
687.8000000000882 0.2392298739340045
687.9000000000882 0.241523116282721
688.0000000000882 0.24376717006026719
688.1000000000882 0.24527917551773806
688.2000000000883 0.24675028159543866
688.3000000000883 0.24820188797059128
688.4000000000883 0.24961313083311282
688.5000000000883 0.250984018725622
688.6000000000884 0.2484876372865783
688.7000000000884 0.2460019944135058
688.8000000000884 0.24352725100508787
688.9000000000884 0.2410419227640304
689.0000000000884 0.23856792180798508
689.1000000000885 0.23691383531518484
689.2000000000885 0.23526023777586658
689.3000000000885 0.23360723148096457
689.4000000000885 0.23195490860092902
689.5000000000886 0.23028179956333436
689.6000000000886 0.22965240795055136
689.7000000000886 0.22903028684814478
689.8000000000886 0.2283939144376009
689.9000000000887 0.22774331092022762
690.0000000000887 0.2270784867548682
690.1000000000887 0.22620622194895906
690.2000000000887 0.22532203074018428
690.3000000000887 0.22444817528655064
690.4000000000888 0.22356251032707194
690.5000000000888 0.22266500023650493
690.6000000000888 0.22185741685211827
690.7000000000888 0.2210136790514489
690.8000000000889 0.2201561681467387
690.9000000000889 0.21930762226183442
691.0000000000889 0.21844534109471545
691.1000000000889 0.21733828711774927
691.200000000089 0.21622114648549864
691.300000000089 0.21507071891342613
691.400000000089 0.21390986084922364
691.500000000089 0.21276169006680382
691.600000000089 0.2115560479255292
691.7000000000891 0.21034101447739173
691.8000000000891 0.2091165901838517
691.9000000000891 0.207859296539858
692.0000000000891 0.2065924896674437
692.1000000000892 0.2052691712617567
692.2000000000892 0.20393757931947315
692.3000000000892 0.20259771744739416
692.4000000000892 0.20124958925187164
692.5000000000892 0.19986939019272695
692.6000000000893 0.19839492126526503
692.7000000000893 0.19693759869153862
692.8000000000893 0.1954736172660624
692.9000000000893 0.19400297993017226
693.0000000000894 0.19252568962375816
693.1000000000894 0.19080405974934533
693.2000000000894 0.18907994812981824
693.3000000000894 0.18737742672545055
693.4000000000894 0.18567245555199305
693.5000000000895 0.18396503444621737
693.6000000000895 0.18213815800457872
693.7000000000895 0.18031117860148735
693.8000000000895 0.17848409627248712
693.9000000000896 0.17663280394175987
694.0000000000896 0.17478140741808507
694.1000000000896 0.17297582986121762
694.2000000000896 0.1711696836489477
694.3000000000897 0.1693629689346917
694.4000000000897 0.1675556858716567
694.5000000000897 0.16572370829103825
694.6000000000897 0.16399630355897907
694.7000000000897 0.16229009158634092
694.8000000000898 0.16058094662934286
694.9000000000898 0.15886886926585062
695.0000000000898 0.15715386007421897
695.1000000000898 0.15535221343373187
695.2000000000899 0.15354903913887072
695.3000000000899 0.1517685892352029
695.4000000000899 0.14998663170023607
695.5000000000899 0.1482031666458224
695.60000000009 0.1463559812275343
695.70000000009 0.1444845879759644
695.80000000009 0.14261325865075017
695.90000000009 0.14076626332914355
696.00000000009 0.13891933115680707
696.1000000000901 0.13723985989412785
696.2000000000901 0.13555592213666898
696.3000000000901 0.13384316165951665
696.4000000000901 0.1321258783565934
696.5000000000902 0.1304284889461428
696.6000000000902 0.12875378899347048
696.7000000000902 0.1270738402083401
696.8000000000902 0.12538864379679862
696.9000000000902 0.12367364792817948
697.0000000000903 0.12195333818673396
697.1000000000903 0.12010806062908823
697.2000000000903 0.11826205446315645
697.3000000000903 0.11641531976108829
697.4000000000904 0.11456785659477782
697.5000000000904 0.11269505375559749
697.6000000000904 0.11077510536385689
697.7000000000904 0.10888060823764485
697.8000000000904 0.10698695109832716
697.9000000000905 0.10509413394755297
698.0000000000905 0.10320215678710103
698.1000000000905 0.10123767067120253
698.2000000000905 0.09927586779550233
698.3000000000906 0.09734127918236286
698.4000000000906 0.09540933800192823
698.5000000000906 0.09348004371141842
698.6000000000906 0.09151486319443154
698.7000000000907 0.08955390035264069
698.8000000000907 0.08759715428004984
698.9000000000907 0.08562023778803175
699.0000000000907 0.08364759152550387
699.1000000000907 0.08179354430510646
699.2000000000908 0.07993962306173182
699.3000000000908 0.07808582781751655
699.4000000000908 0.07623215859464924
699.5000000000908 0.07435426092426205
699.6000000000909 0.07250713643271452
699.7000000000909 0.07068292525603273
699.8000000000909 0.06885727308538825
699.9000000000909 0.06703018010277126
700.000000000091 0.0652016464902317
700.100000000091 0.0633224867619241
700.200000000091 0.06144333982356464
700.300000000091 0.05958860725906948
700.400000000091 0.057733887363817474
700.5000000000911 0.055879180162359994
700.6000000000911 0.05402448567914823
700.7000000000911 0.05214540272064447
700.8000000000911 0.05026633270035843
700.9000000000912 0.04841167668974833
701.0000000000912 0.046557033496148294
701.1000000000912 0.04562836006096542
701.2000000000912 0.044699744864447416
701.3000000000912 0.043771187916579524
701.4000000000913 0.04284268922739334
701.5000000000913 0.04191424880687713
701.6000000000913 0.04099451347233899
701.7000000000913 0.04005003885489213
701.8000000000914 0.039105222120727534
701.9000000000914 0.038184477945747516
702.0000000000914 0.037263400503154805
702.1000000000914 0.03633512943412089
702.2000000000914 0.035406876024638836
702.3000000000915 0.03447864028729331
702.4000000000915 0.03355042223486121
702.5000000000915 0.03262222188001214
702.6000000000915 0.03170739815601412
702.7000000000916 0.03079180971871439
702.8000000000916 0.029875456603228732
702.9000000000916 0.028933880788264924
703.0000000000916 0.027991520254091535
703.1000000000917 0.027085071699798
703.2000000000917 0.026177020148681788
703.3000000000917 0.025267365513272164
703.4000000000917 0.024356107706197214
703.5000000000917 0.02344324664002752
703.6000000000918 0.02250992574525732
703.7000000000918 0.021576565162343745
703.8000000000918 0.020643164903747492
703.9000000000918 0.01970972498197307
704.0000000000919 0.01877624540941145
704.1000000000919 0.017817089834483518
704.2000000000919 0.01685800761878297
704.3000000000919 0.015923572184395305
704.400000000092 0.0149892082430707
704.500000000092 0.014054915802890278
704.600000000092 0.013120694871910116
704.700000000092 0.01218654545814084
704.800000000092 0.011252467569661768
704.9000000000921 0.010318461214493565
705.0000000000921 0.009384526400688901
705.1000000000921 0.008450711198419003
705.2000000000921 0.007516956937898073
705.3000000000922 0.006558699209651567
705.4000000000922 0.005600504041790877
705.5000000000922 0.004666934253328028
705.6000000000922 0.0037342073039512338
705.7000000000922 0.002801150358538575
705.8000000000923 0.0018677634623946954
705.9000000000923 0.0009340466608245845
706.0000000000923 0.0